95
3
20
67
30
10
21
32
55
61
25
40
8
28
74
39
72
35
24
29
69
100
71
30
59
23
35
71
20
34
77
37
78
40
53
34
73
13
67
52
31
88
31
18
34
61
51
37
75
25
29
35
18
13
31
78
65
41
68
11
63
27
63
19
96
68
2
67
97
6
78
9
14
83
88
58
86
90
86
55
34
49
98
13
72
67
59
8
39
88
24
85
25
8
2
85
53
41
2
76
42
90
78
31
31
62
47
50
88
47
27
52
71
16
3
50
72
76
27
76
9
38
67
90
17
97
49
89
22
83
87
28
20
84
61
25
4
63
41
68
23
44
55
36
72
15
17
87
69
73
71
27
44
4
43
9
24
81
72
71
2
89
29
89
57
36
83
93
27
63
62
36
95
27
47
82
25
59
48
89
82
15
25
33
30
23
20
48
49
1
98
1
51
61
33
12
30
30
12
22
5
72
56
65
44
26
13
21
16
62
63
1
70
85
30
40
62
51
80
75
9
54
90
62
100
89
29
78
23
96
34
83
56
72
65
78
11
75
78
83
26
67
8
11
13
61
11
84
72
9
7
18
47
12
28
88
11
52
17
90
68
64
80
26
47
90
44
45
43
44
62
79
57
70
56
89
47
65
56
21
5
60
51
52
69
81
75
66
21
61
71
18
56
14
59
10
100
77
34
52
79
81
66
22
41
49
61
40
90
88
38
48
84
40
82
28
55
2
23
66
36
25
8
90
10
7
100
97
71
36
58
17
84
69
54
65
3
39
68
3
10
85
62
20
23
53
95
39
36
93
98
99
15
59
72
27
38
59
68
78
56
17
47
12
59
19
44
7
29
57
89
70
6
21
89
85
77
35
84
2
42
80
75
49
99
61
40
47
42
1
31
56
95
71
18
83
34
66
53
81
59
49
30
34
54
69
73
83
13
78
26
63
43
8
4
3
14
97
16
36
40
60
46
43
80
52
4
57
93
11
49
75
66
56
67
86
26
31
100
59
59
93
88
7
69
33
83
96
39
10
86
20
22
30
17
69
36
1
45
55
9
39
67
12
78
83
57
40
78
27
16
93
20
49
85
96
61
9
75
57
49
88
82
56
44
61
38
27
29
28
79
37
59
67
95
21
96
80
31
73
72
23
18
2
73
51
57
72
4
52
88
46
32
39
75
97
88
10
99
55
12
44
23
69
85
34
94
45
16
52
88
43
61
4
13
38
25
47
54
100
95
67
100
83
49
59
78
17
100
8
27
68
22
1
2
6
29
92
5
7
49
29
4
19
11
17
52
39
39
83
68
38
15
56
83
27
33
35
68
95
35
95
91
10
36
19
98
69
68
4
57
37
56
48
31
11
80
100
38
24
41
94
2
9
27
14
93
70
39
72
42
48
60
92
46
26
88
28
23
54
36
48
72
49
21
27
67
29
52
1
26
61
39
31
69
49
24
48
24
99
77
91
69
66
96
85
48
68
75
96
91
24
47
65
22
90
35
44
74
40
75
44
85
26
93
79
96
36
86
79
47
68
87
1
56
86
95
45
75
86
79
82
78
19
13
81
56
96
18
89
30
52
69
74
42
68
3
15
4
24
47
83
65
91
31
52
82
55
6
78
12
37
72
40
23
6
29
25
2
97
63
50
42
23
50
35
8
20
46
6
56
28
45
38
42
11
49
7
80
33
25
98
84
16
3
95
63
91
18
2
63
79
50
5
47
9
24
52
25
75
35
5
5
63
80
64
50
21
84
93
96
13
8
13
93
54
3
62
24
99
6
63
87
75
32
61
30
90
42
19
53
75
63
39
35
94
39
63
93
100
64
54
37
24
32
23
61
31
45
46
15
62
79
58
25
21
92
82
39
3
22
89
70
76
45
15
39
17
73
75
83
72
9
84
25
67
14
47
92
13
8
82
74
10
30
2
59
31
59
52
4
27
8
29
45
8
55
99
60
82
91
9
88
72
87
92
64
84
53
52
71
28
53
8
41
39
50
54
44
45
2
27
35
40
20
48
37
25
43
59
40
59
80
99
6
81
8
12
7
73
32
56
32
54
56
12
46
17
34
13
25
89
79
45
46
86
8
8
54
32
21
90
67
90
33
98
71
10
42
65
19
62
47
22
41
39
15
80
84
76
4
100
49
14
48
47
22
10
8
33
22
85
72
13
82
47
97
49
65
25
92
18
57
35
72
34
77
50
8
74
99
37
15
82
97
4
76
86
10
19
94
91
65
2
28
33
13
75
13
13
3
74
19
39
6
8
41
50
30
97